["Cycle No.","Cycle time","Low pulse width","High pulse width"],
[1,6.47525709729344E-05,4.79402393429663E-06,5.99585470386378E-05],
[2,6.47542838838232E-05,4.79544246834018E-06,5.9958841415483E-05],
[3,6.47519981686884E-05,4.79516000742857E-06,5.99568381612598E-05],
[4,6.47519981686884E-05,4.79516000742857E-06,5.99568381612598E-05],
[5,6.4754738874289E-05,4.79635906690463E-06,5.99583798073844E-05],
[6,6.47519981686884E-05,4.79361836130395E-06,5.99583798073844E-05],
[7,6.47544013466565E-05,4.79682067052259E-06,5.99575806761339E-05],
[8,6.47527972999389E-05,4.79468258498069E-06,5.99581147149582E-05],
[9,6.47538673097023E-05,4.79722239906256E-06,5.99566449106398E-05],
[10,6.47546664403279E-05,4.79535325804861E-06,5.99593131822793E-05],
[11,6.47546592213822E-05,4.79268498640906E-06,5.99619742349732E-05],
[12,6.47519981686884E-05,4.79002393371521E-06,5.99619742349732E-05],
[13,6.47519981686884E-05,4.79402393429662E-06,5.99579742343917E-05],
[14,6.47519981686884E-05,4.79402393429662E-06,5.99579742343917E-05],
[15,6.47546648365234E-05,4.7980185268094E-06,5.9956646309714E-05],
[16,6.47521900202343E-05,4.79535185897439E-06,5.99568381612599E-05],
[17,6.4754738874289E-05,4.79635906690452E-06,5.99583798073845E-05],
[18,6.47544013466564E-05,4.7936183613039E-06,5.99607829853525E-05],
[19,3.23759966811682E-05,4.79441749255444E-06,2.75815791886138E-05],
[20,3.47735982416755E-05,4.79069541338786E-06,2.99829028282876E-05],
[21,3.23783998591363E-05,2.39682073839911E-06,2.99815791207371E-05],
[22,3.23768006187707E-05,2.39402400217326E-06,2.99827766165974E-05],
[23,3.23751975499177E-05,2.39388352160684E-06,2.99813140283108E-05],
[24,3.23768006187707E-05,2.39801859468615E-06,2.99787820240845E-05],
[25,3.23780560692987E-05,2.39722246693909E-06,2.99808336023596E-05],
[26,3.47707397222944E-05,3.23771559730764E-05,2.39358374921807E-06],
[27,3.23783998591363E-05,2.99844239960289E-05,2.39397586310739E-06],
[28,3.23760014875202E-05,2.99832168740334E-05,2.39278461348674E-06],
[29,3.23765694854143E-05,2.99848179313566E-05,2.39175155405773E-06],
[30,3.23754286832741E-05,2.99854486212423E-05,2.38998006203174E-06],
[31,6.23573347804691E-05,2.99860208186422E-05,3.23713139618268E-05],
[32,3.23762593622458E-05,2.40067964737988E-06,2.9975579714866E-05],
[33,3.23757388064425E-05,2.40042477615767E-06,2.99753140302849E-05],
[34,3.23762593622458E-05,2.4000095658421E-06,2.99762497964037E-05],
[35,3.23789726633824E-05,2.40042477615767E-06,2.99785478872247E-05],
[36,3.23762278145246E-05,2.39864484991611E-06,2.99775829646085E-05],
[37,3.23778642177528E-05,2.40001958023484E-06,2.9977844637518E-05],
[38,6.23521900881109E-05,2.39935553778209E-06,5.99528345503289E-05],
[39,6.47521420573309E-05,4.79916361835952E-06,5.99529784389714E-05],
[40,6.47545949856465E-05,4.79941748748056E-06,5.99551774981659E-05],
[41,6.4755200477907E-05,4.79682067052248E-06,5.99583798073845E-05],
[42,6.47519981686884E-05,4.7936183613039E-06,5.99583798073845E-05],
[43,6.47538673097022E-05,4.79681951065774E-06,5.99570477990445E-05],
[44,6.47519981686884E-05,4.79535325804883E-06,5.99566449106395E-05],
[45,6.47533313413739E-05,4.79535325804883E-06,5.99579780833251E-05],
[46,6.47533332676425E-05,4.79802008594449E-06,5.9955313181698E-05],
[47,6.47546592213821E-05,4.79548209970449E-06,5.99591771216776E-05],
[48,6.47525709729347E-05,4.79402393429662E-06,5.99585470386381E-05],
[49,6.47542838838229E-05,4.79345113005031E-06,5.99608327537726E-05],
[50,6.47519981686884E-05,4.79516000742889E-06,5.99568381612595E-05],
[51,6.47519981686884E-05,4.79516000742889E-06,5.99568381612595E-05],
[52,6.47547388742892E-05,4.79635906690474E-06,5.99583798073845E-05],
[53,6.47519981686884E-05,4.79682067052248E-06,5.99551774981659E-05],
[54,6.47519981686884E-05,4.79682067052248E-06,5.99551774981659E-05],
[55,6.4755200477907E-05,4.79682067052248E-06,5.99583798073845E-05],
[56,6.47538673097022E-05,4.79388345373021E-06,5.9959983855972E-05],
[57,6.47533313413739E-05,4.79535325804883E-06,5.99579780833251E-05],
[58,6.47533332676425E-05,4.7940200853633E-06,5.99593131822792E-05],
[59,6.47519981686884E-05,4.79268498640916E-06,5.99593131822792E-05],
[60,6.47546592213821E-05,4.79668498699036E-06,5.99579742343917E-05],
[61,6.47525709729347E-05,4.79402393429662E-06,5.99585470386381E-05],
[62,6.47542838838229E-05,4.79544246833989E-06,5.9958841415483E-05],
[63,6.47519981686884E-05,4.79315675320537E-06,5.9958841415483E-05],
[64,6.47547388742892E-05,4.79516000742889E-06,5.99595788668603E-05],
[65,6.47519981686884E-05,4.7936183613039E-06,5.99583798073845E-05],
[66,6.47519981686884E-05,4.79642291275869E-06,5.99555752559297E-05],
[67,6.4755200477907E-05,4.79682067052248E-06,5.99583798073845E-05],
[68,6.47519981686884E-05,4.79388345373021E-06,5.99581147149582E-05],
[69,6.47552004823877E-05,4.79388345373021E-06,5.99613170286575E-05],
[70,6.47533332676425E-05,4.79402008536287E-06,5.99593131822796E-05],
[71,6.47519981686884E-05,4.79268498640873E-06,5.99593131822796E-05],
[72,6.47519981686884E-05,4.79548209970492E-06,5.99565160689835E-05],
[73,6.47529516153529E-05,4.79668498699036E-06,5.99562666283625E-05],
[74,6.47542785789639E-05,4.79772287861543E-06,5.99565557003485E-05],
[75,6.4754092032277E-05,4.79544246833989E-06,5.99586495639371E-05],
[76,6.47521900202343E-05,4.79535185897439E-06,5.99568381612599E-05],
[77,6.47547388742892E-05,4.79516000742846E-06,5.99595788668607E-05],
[78,6.47519981686884E-05,4.79361836130347E-06,5.99583798073849E-05],
[79,6.47523959264517E-05,4.79361836130347E-06,5.99587775651483E-05],
[80,6.4754802720144E-05,4.79642291275912E-06,5.99583798073849E-05],
[81,6.47519981686884E-05,4.79388345372977E-06,5.99581147149586E-05],
[82,6.47552004823873E-05,4.7972223990618E-06,5.99579780833255E-05],
[83,6.47519981686884E-05,4.79402008536287E-06,5.99579780833255E-05],
[84,6.47533332676425E-05,4.79315675320537E-06,5.99601765144371E-05],
[85,6.47546592213825E-05,4.79668498699036E-06,5.99579742343922E-05],
[86,6.47519981686884E-05,4.79402393429619E-06,5.99579742343922E-05],
[87,6.47525709729342E-05,4.79601527258577E-06,5.99565557003485E-05],
[88,6.4754092032277E-05,4.79544246833989E-06,5.99586495639371E-05],
[89,6.47549307258351E-05,4.79655091845024E-06,5.99583798073849E-05],
[90,6.47519981686884E-05,4.79361836130347E-06,5.99583798073849E-05],
[91,6.47519981686884E-05,4.79361836130347E-06,5.99583798073849E-05],
[92,6.47552004779074E-05,4.79361836130347E-06,5.99615821166039E-05],
[93,6.47538673097022E-05,4.79361836130347E-06,5.99602489483987E-05],
[94,6.47501290276745E-05,4.79174922028962E-06,5.99583798073849E-05],
[95,6.47538673097022E-05,4.7972223990618E-06,5.99566449106404E-05],
[96,6.47546664403276E-05,4.79535325804796E-06,5.99593131822796E-05],
[97,6.47519981686884E-05,4.79548209970492E-06,5.99565160689835E-05],
[98,6.47546592213825E-05,4.79668498699036E-06,5.99579742343922E-05],
[99,6.47525709729342E-05,4.79402393429619E-06,5.99585470386381E-05],
[100,6.4754092032277E-05,4.79345113005031E-06,5.99606409022267E-05],
[101,6.47519981686884E-05,4.79535185897439E-06,5.9956646309714E-05],
[102,6.47521900202343E-05,4.79535185897439E-06,5.99568381612599E-05],
[103,6.47547388742892E-05,4.7963590669043E-06,5.99583798073849E-05],
[104,6.47519981686884E-05,4.79682067052248E-06,5.99551774981659E-05],
[105,6.47552004779074E-05,4.79682067052248E-06,5.99583798073849E-05],
[106,6.47538673097022E-05,4.79361836130347E-06,5.99602489483987E-05],
[107,6.47546664403276E-05,4.79201431271593E-06,5.99626521276117E-05],
[108,6.47519981686884E-05,4.7893460410767E-06,5.99626521276117E-05],
[109,6.47506630697342E-05,4.79268498640873E-06,5.99579780833255E-05],
[110,6.47533332676425E-05,4.79802008594449E-06,5.9955313181698E-05],
[111,6.47546592213825E-05,4.79668498699036E-06,5.99579742343922E-05],
[112,6.47525709729342E-05,4.79402393429619E-06,5.99585470386381E-05],
[113,6.4754092032277E-05,4.79544246833989E-06,5.99586495639371E-05],
[114,6.47521900202343E-05,4.79535185897439E-06,5.99568381612599E-05],
[115,6.47547388742892E-05,4.79516000742846E-06,5.99595788668607E-05],
[116,6.47519981686884E-05,4.79361836130347E-06,5.99583798073849E-05],
[117,6.47519981686884E-05,4.79361836130347E-06,5.99583798073849E-05],
[118,6.47552004779074E-05,4.79682067052248E-06,5.99583798073849E-05],
[119,6.47519981686884E-05,4.79361836130347E-06,5.99583798073849E-05],
[120,6.47552004823873E-05,4.79388345372977E-06,5.99613170286575E-05],
[121,6.47533332676425E-05,4.79402008536287E-06,5.99593131822796E-05],
[122,6.47519981686884E-05,4.79268498640873E-06,5.99593131822796E-05],
[123,6.47546592213825E-05,4.79668498699036E-06,5.99579742343922E-05],
[124,6.47519981686884E-05,4.79402393429619E-06,5.99579742343922E-05],
[125,6.47525709729342E-05,4.79601527258577E-06,5.99565557003485E-05],
[126,6.47542838838229E-05,4.79544246833989E-06,5.9958841415483E-05],
[127,6.47519981686884E-05,4.79516000742846E-06,5.99568381612599E-05],
[128,6.47547388742892E-05,4.7963590669043E-06,5.99583798073849E-05],
[129,6.47519981686884E-05,4.79361836130347E-06,5.99583798073849E-05],
[130,6.47552004779065E-05,4.79682067052248E-06,5.9958379807384E-05],
[131,6.47511990374376E-05,4.79361836130433E-06,5.99575806761333E-05],
[132,6.4754666440953E-05,4.79468258498053E-06,5.99599838559724E-05],
[133,6.47533313413735E-05,4.79220362511329E-06,5.99611277162602E-05],
[134,6.47533332676434E-05,4.7940200853646E-06,5.99593131822788E-05],
[135,6.47546592213825E-05,4.7926849864096E-06,5.99619742349729E-05],
[136,6.47493371159942E-05,4.79002393371543E-06,5.99593131822788E-05],
[137,6.4757325889217E-05,4.79668498699036E-06,5.99606409022267E-05],
[138,6.47493315008539E-05,4.79334860475217E-06,5.99559828961017E-05],
[139,6.47548566880696E-05,4.79801852680886E-06,5.99568381612608E-05],
[140,6.47519981686884E-05,4.7963590669043E-06,5.99556391017841E-05],
[141,6.47547388742883E-05,4.7963590669043E-06,5.9958379807384E-05],
[142,6.47519981686884E-05,4.79361836130433E-06,5.9958379807384E-05],
[143,6.47519981686884E-05,4.79441749255509E-06,5.99575806761333E-05],
[144,6.47570696189204E-05,4.79682067052248E-06,5.99602489483979E-05],
[145,6.47501290276745E-05,4.79535325804969E-06,5.99547757696248E-05],
[146,6.47538673097022E-05,4.79722239906354E-06,5.99566449106387E-05],
[147,6.47546664403285E-05,4.79535325804969E-06,5.99593131822788E-05],
[148,6.47519981686884E-05,4.79548209970405E-06,5.99565160689843E-05],
[149,6.47546592213825E-05,4.79548209970405E-06,5.99591771216785E-05],
[150,6.47525709729334E-05,4.79402393429619E-06,5.99585470386372E-05],
[151,6.47519981686884E-05,4.79345113005118E-06,5.99585470386372E-05],
[152,6.47519981686884E-05,4.79544246834163E-06,5.99565557003467E-05],
[153,6.47542838838246E-05,4.79864478204056E-06,5.99556391017841E-05],
[154,6.47544737818629E-05,4.7963590669043E-06,5.99581147149586E-05],
[155,6.47522632611138E-05,4.79668800518369E-06,5.99555752559301E-05],
[156,6.47552004779065E-05,4.79642291275825E-06,5.99587775651483E-05],
[157,6.47519981686884E-05,4.79361836130433E-06,5.9958379807384E-05],
[158,6.47538673097022E-05,4.79722239906354E-06,5.99566449106387E-05],
[159,6.47533313413735E-05,4.79535325804969E-06,5.99579780833238E-05],
[160,6.47533332676434E-05,4.7940200853646E-06,5.99593131822788E-05],
[161,6.47519981686884E-05,4.7926849864096E-06,5.99593131822788E-05],
[162,6.47546592213825E-05,4.79548209970405E-06,5.99591771216785E-05],
[163,6.47525709729334E-05,4.79402393429619E-06,5.99585470386372E-05],
[164,6.47542838838246E-05,4.79345113005118E-06,5.99608327537735E-05],
[165,6.47521420573307E-05,4.79516000742759E-06,5.99569820499031E-05],
[166,6.47519981686884E-05,4.79501611878527E-06,5.99569820499031E-05],
[167,6.4754594985646E-05,4.79621517826198E-06,5.9958379807384E-05],
[168,6.47519981686884E-05,4.79682067052248E-06,5.99551774981659E-05],
[169,6.47552004779065E-05,4.79708576294792E-06,5.99581147149586E-05],
[170,6.47519981686884E-05,4.79361836130433E-06,5.9958379807384E-05],
[171,6.47565355813423E-05,4.79722239906354E-06,5.99593131822788E-05],
[172,6.47519981686884E-05,4.7926849864096E-06,5.99593131822788E-05],
[173,6.47519981686884E-05,4.7926849864096E-06,5.99593131822788E-05],
[174,6.47519981686884E-05,4.79548209970405E-06,5.99565160689843E-05],
[175,6.47546592213825E-05,4.79668498699036E-06,5.99579742343922E-05],
[176,6.47525709729334E-05,4.79601527258663E-06,5.99565557003467E-05],
[177,6.47540920322778E-05,4.79544246834163E-06,5.99586495639362E-05],
[178,6.47549307258351E-05,4.79535185897439E-06,5.99595788668607E-05],
[179,6.47519981686884E-05,4.79241930182762E-06,5.99595788668607E-05],
[180,6.47519981686884E-05,4.79361836130433E-06,5.9958379807384E-05],
[181,6.47519981686884E-05,4.79441749255509E-06,5.99575806761333E-05],
[182,6.47552004779065E-05,4.79682067052248E-06,5.9958379807384E-05],
[183,6.47498568671703E-05,4.79681951065861E-06,5.99530373565117E-05],
[184,6.47560086112203E-05,4.79602475524782E-06,5.99599838559724E-05],
[185,6.47546664403285E-05,4.79535325804969E-06,5.99593131822788E-05],
[186,6.47519981686884E-05,4.7926849864096E-06,5.99593131822788E-05],
[187,6.4752951615352E-05,4.79548209970405E-06,5.9957469515648E-05],
[188,6.47537057747189E-05,4.79573154032673E-06,5.99579742343922E-05],
[189,6.47519981686884E-05,4.79402393429619E-06,5.99579742343922E-05],
[190,6.47546648365228E-05,4.79601527258663E-06,5.99586495639362E-05],
[191,6.47521900202352E-05,4.79535185897439E-06,5.99568381612608E-05],
[192,6.47547388742883E-05,4.7963590669043E-06,5.9958379807384E-05],
[193,6.47552004779065E-05,4.79361836130433E-06,5.99615821166022E-05],
[194,6.47519981686884E-05,4.79121518333694E-06,5.99607829853514E-05],
[195,6.47491936172345E-05,4.79361836130433E-06,5.99555752559301E-05],
[196,6.47548027201423E-05,4.79962406211253E-06,5.99551786580298E-05],
[197,6.47538673097022E-05,4.79722239906354E-06,5.99566449106387E-05],
[198,6.47533313413735E-05,4.79535325804969E-06,5.99579780833238E-05],
[199,6.47559943203375E-05,4.7940200853646E-06,5.99619742349729E-05],
[200,6.47519981686884E-05,4.79402393429619E-06,5.99579742343922E-05],
[201,6.47519981686884E-05,4.79468017363163E-06,5.99573179950567E-05],
[202,6.47525709729334E-05,4.79601527258663E-06,5.99565557003467E-05],
[203,6.47542838838246E-05,4.79744572256385E-06,5.99568381612608E-05],
[204,6.47519981686884E-05,4.79516000742759E-06,5.99568381612608E-05],
[205,6.47547388742883E-05,4.7963590669043E-06,5.9958379807384E-05],
[206,6.47519981686884E-05,4.79361836130433E-06,5.9958379807384E-05],
[207,6.47552004779065E-05,4.79682067052248E-06,5.9958379807384E-05],
[208,6.47538673097022E-05,4.79361836130433E-06,5.99602489483979E-05],
[209,6.47519981686884E-05,4.79201431271593E-06,5.99599838559724E-05],
[210,6.47519981686884E-05,4.79535325804969E-06,5.99566449106387E-05],
[211,6.47546664403285E-05,4.79535325804969E-06,5.99593131822788E-05],
[212,6.47546592213825E-05,4.79668498699036E-06,5.99579742343922E-05],
[213,6.47519981686884E-05,4.79402393429619E-06,5.99579742343922E-05],
[214,6.47525709729334E-05,4.79402393429619E-06,5.99585470386372E-05],
[215,6.47540920322778E-05,4.79345113005118E-06,5.99606409022267E-05],
[216,6.47521900202352E-05,4.79535185897439E-06,5.99568381612608E-05],
[217,6.47519981686884E-05,4.79516000742759E-06,5.99568381612608E-05],
[218,6.47547388742883E-05,4.7963590669043E-06,5.9958379807384E-05],
[219,6.47519981686884E-05,4.79682067052248E-06,5.99551774981659E-05],
[220,6.47552004779065E-05,4.79682067052248E-06,5.9958379807384E-05],
[221,6.47552004823873E-05,4.79361836130433E-06,5.9961582121083E-05],
[222,6.47519981686884E-05,4.7904160476054E-06,5.9961582121083E-05],
[223,6.47533332676434E-05,4.7940200853646E-06,5.99593131822788E-05],
[224,6.47519981686884E-05,4.7926849864096E-06,5.99593131822788E-05],
[225,6.47519981686884E-05,4.79668498699036E-06,5.9955313181698E-05],
[226,6.47546592213825E-05,4.79668498699036E-06,5.99579742343922E-05],
[227,6.47525709729334E-05,4.79402393429619E-06,5.99585470386372E-05],
[228,6.47540920322778E-05,4.79744572256385E-06,5.9956646309714E-05],
[229,6.47521900202352E-05,4.79535185897439E-06,5.99568381612608E-05],
[230,6.47547388742883E-05,4.7963590669043E-06,5.9958379807384E-05],
[231,6.47519981686884E-05,4.79361836130433E-06,5.9958379807384E-05],
[232,6.47519981686884E-05,4.79361836130433E-06,5.9958379807384E-05],
[233,6.47552004779065E-05,4.79682067052248E-06,5.9958379807384E-05],
[234,6.47538673097022E-05,4.79388345372977E-06,5.99599838559724E-05],
[235,6.47533313413735E-05,4.79201431271593E-06,5.99613170286575E-05],
[236,6.47533332676434E-05,4.7940200853646E-06,5.99593131822788E-05],
[237,6.47546592213825E-05,4.7926849864096E-06,5.99619742349729E-05],
[238,6.47493371159942E-05,4.79282104700988E-06,5.99565160689843E-05],
[239,6.47546592213825E-05,4.79668498699036E-06,5.99579742343922E-05],
[240,6.47546648365228E-05,4.79402393429619E-06,5.99606409022267E-05],
[241,6.47519981686884E-05,4.79535185897439E-06,5.9956646309714E-05],
[242,6.47546656334097E-05,4.79535185897439E-06,5.99593137744353E-05],
[243,6.47522632611138E-05,4.79388345372977E-06,5.9958379807384E-05],
[244,6.47519981686884E-05,4.79361836130433E-06,5.9958379807384E-05],
[245,6.47519981686884E-05,4.79682067052248E-06,5.99551774981659E-05],
[246,6.47523959264526E-05,4.79682067052248E-06,5.99555752559301E-05],
[247,6.47566718611561E-05,4.79668800518369E-06,5.99599838559724E-05],
[248,6.47519981686884E-05,4.79535325804969E-06,5.99566449106387E-05],
[249,6.47546664403285E-05,4.79535325804969E-06,5.99593131822788E-05],
[250,6.47546592213825E-05,4.7926849864096E-06,5.99619742349729E-05],
[251,6.47525709729334E-05,4.79069541338764E-06,5.99618755595457E-05],
[252,6.47519981686884E-05,4.79345113005292E-06,5.99585470386355E-05],
[253,6.47514253644434E-05,4.79544246834163E-06,5.99559828961017E-05],
[254,6.47546648365228E-05,4.79801852680886E-06,5.9956646309714E-05],
[255,6.47549307258334E-05,4.7965509184511E-06,5.99583798073823E-05],
[256,6.47519981686884E-05,4.79361836130607E-06,5.99583798073823E-05],
[257,6.47552004779083E-05,4.79361836130607E-06,5.99615821166022E-05],
[258,6.47511990374376E-05,4.79361836130607E-06,5.99575806761315E-05],
[259,6.47546664409547E-05,4.79441749255682E-06,5.99602489483979E-05],
[260,6.47501290276728E-05,4.7920143127142E-06,5.99581147149586E-05],
[261,6.47538673097039E-05,4.7972223990618E-06,5.99566449106421E-05],
[262,6.47546664403267E-05,4.79535325804623E-06,5.99593131822805E-05],
[263,6.47538572953084E-05,4.79548209970579E-06,5.99583751956026E-05],
[264,6.47528000947625E-05,4.79482586037208E-06,5.99579742343904E-05],
[265,6.47546648365228E-05,4.79402393429793E-06,5.99606409022249E-05],
[266,6.47521900202334E-05,4.79135726646346E-06,5.996083275377E-05],
[267,6.47547388742883E-05,4.79516000742933E-06,5.9959578866859E-05],
[268,6.47492574630884E-05,4.79241930182936E-06,5.9956838161259E-05],
[269,6.47547388742883E-05,4.79916361836169E-06,5.99555752559267E-05],
[270,6.47523959264526E-05,4.79642291276172E-06,5.99559730136909E-05],
[271,6.4754802720144E-05,4.79642291276172E-06,5.99583798073823E-05],
[272,6.47538673097039E-05,4.79361836130607E-06,5.99602489483979E-05],
[273,6.47519981686884E-05,4.7920143127142E-06,5.99599838559742E-05],
[274,6.47546664403267E-05,4.79535325804623E-06,5.99593131822805E-05],
[275,6.47506630697334E-05,4.79268498640786E-06,5.99579780833255E-05],
[276,6.47542867143087E-05,4.7980200859471E-06,5.99562666283616E-05],
[277,6.47537057747172E-05,4.79573154032673E-06,5.99579742343904E-05],
[278,6.47546648365228E-05,4.79601527258663E-06,5.99586495639362E-05],
[279,6.47521900202334E-05,4.79334860475217E-06,5.99588414154813E-05],
[280,6.47519981686884E-05,4.7931567532071E-06,5.99588414154813E-05],
[281,6.47547388742883E-05,4.79516000742933E-06,5.9959578866859E-05],
[282,6.47519981686884E-05,4.79642291276172E-06,5.99555752559267E-05],
[283,6.47519981686884E-05,4.79682067052595E-06,5.99551774981624E-05],
[284,6.47544013466575E-05,4.80042470828168E-06,5.99539766383758E-05],
[285,6.47527972999391E-05,4.79441749255682E-06,5.99583798073823E-05],
[286,6.47552004823873E-05,4.7972223990618E-06,5.99579780833255E-05],
[287,6.4750664996005E-05,4.79402008536287E-06,5.99566449106421E-05],
[288,6.47546664403267E-05,4.79535325804623E-06,5.99593131822805E-05],
[289,6.47546592213825E-05,4.79548209970579E-06,5.99591771216768E-05],
[290,3.23760014875191E-05,4.79402393429793E-06,2.75819775532211E-05],
[291,3.47733355605985E-05,4.79468258498053E-06,2.9978652975618E-05],
[292,3.23762593622441E-05,2.39867639315744E-06,2.99775829690867E-05],
[293,3.23783998591384E-05,2.40042477615832E-06,2.99779750829801E-05],
[294,3.23768006187698E-05,2.39601534046327E-06,2.99807852783066E-05],
[295,3.23751975499185E-05,2.39722246693844E-06,2.99779750829801E-05],
[296,3.23768006187698E-05,2.39601534046327E-06,2.99807852783066E-05],
[297,3.47734898760131E-05,3.2381221618933E-05,2.39226825708011E-06],
[298,3.23753059155787E-05,2.99849244800622E-05,2.39038143551654E-06],
[299,3.23783998591384E-05,2.99872211093274E-05,2.39117874981098E-06],
[300,3.23768006187698E-05,2.99860214254891E-05,2.39077919328076E-06],
[301,3.23757703541636E-05,2.99852216873939E-05,2.39054866676969E-06],
[302,6.23570246572995E-05,2.99858463790083E-05,3.23711782782912E-05],
[303,3.23783998591384E-05,2.40322188945624E-06,2.99751779696822E-05],
[304,3.23760014875191E-05,2.39921765416221E-06,2.99767838333569E-05],
[305,3.23759966811693E-05,2.40202159877342E-06,2.99739750823959E-05],
[306,3.23735983095499E-05,2.40202220561786E-06,2.99715761039321E-05],
[307,3.23783998591384E-05,2.40442477674255E-06,2.99739750823959E-05],
[308,3.23768006187698E-05,2.40202220561786E-06,2.9974778413152E-05],
[309,6.23565356492189E-05,2.40001958023636E-06,5.99565160689826E-05],
[310,6.47519981686884E-05,4.79668498699209E-06,5.99553131816963E-05],
[311,6.47529516153537E-05,4.79668498699209E-06,5.99562666283616E-05],
[312,6.47537057747172E-05,4.79573154032673E-06,5.99579742343904E-05],
[313,6.47525709729334E-05,4.79801852680886E-06,5.99545524461245E-05],
[314,6.47540920322778E-05,4.79544246834163E-06,5.99586495639362E-05],
[315,6.47521900202334E-05,4.7965509184511E-06,5.99556391017823E-05],
[316,6.47547388742883E-05,4.79635906690604E-06,5.99583798073823E-05],
[317,6.47552004779083E-05,4.79642291276172E-06,5.99587775651465E-05],
[318,6.47519981686884E-05,4.79322060354184E-06,5.99587775651465E-05],
[319,6.47519981686884E-05,4.79361836130607E-06,5.99583798073823E-05],
[320,6.47519981686884E-05,4.79361836130607E-06,5.99583798073823E-05],
[321,6.47552004823873E-05,4.7972223990618E-06,5.99579780833255E-05],
[322,6.47533332676434E-05,4.79402008536287E-06,5.99593131822805E-05],
[323,6.47538572953084E-05,4.79268498640786E-06,5.99611723089005E-05],
[324,6.47528000947625E-05,4.79482586037208E-06,5.99579742343904E-05],
[325,6.47519981686884E-05,4.79601527258663E-06,5.99559828961017E-05],
[326,6.47546648365228E-05,4.79402393429793E-06,5.99606409022249E-05],
