testing writing $0000 to $66001E after it was set to $0002

- bad frame, as before, repeated many times:

16 400
32 400
32 400
32 400
32 400
32 400
32 400
32 400
32 400
32 400
32 400
32 400
32 400
32 400
32 200
16 200
16 200
16 200
16 200

- normal frame (with color)

16 400
32 400
32 400
32 400
32 400
32 400
32 400
32 400
32 400
32 400
32 400
32 400
32 400
32 400
32 400
32 400
32 400
32 400
32 400
32 400
32 400
32 400
32 400
32 400
32 400
32 400
32 400
32 400
32 400
32 400
32 400
32 400
32 400
32 400
32 400
32 400
32 400
32 400
32 400
32 400
32 400
32 400
32 400
32 400
32 400
32 400
32 400
32 400
32 400
32 400
32 400
32 400
32 400
32 400
32 400
32 400
32 400
32 400
32 400
32 400
32 400
32 400
32 400
32 400
32 400
32 400
32 400
32 400
32 400
32 400
32 400
32 400
32 400
32 400
32 400
32 400
32 400
32 400
32 400
32 400
32 400
32 400
32 400
32 400
32 400
32 400
32 400
32 400
32 400
32 400
32 400
32 400
32 400
32 400
32 400
32 400
32 400
32 400
32 400
32 400
32 400
32 400
32 400
32 400
32 400
32 400
32 400
32 400
32 400
32 400
32 400
32 400
32 400
32 400
32 400
32 400
32 400
32 400
32 400
32 400
32 400
32 400
32 400
32 400
32 400
32 400
32 400
32 400
32 400
32 400
32 400
32 400
32 400
32 400
32 400
32 400
32 400
32 400
32 400
32 400
32 400
32 400
32 400
32 400
32 400
32 400
32 400
32 400
32 400
32 400
32 400
32 400
32 400
32 400
32 400
32 400
32 400
32 400
32 400
32 400
32 400
32 400
32 400
32 400
32 400
32 400
32 400
32 400
32 400
32 400
32 400
32 400
32 400
32 400
32 400
32 400
32 400
32 400
32 400
32 400
32 400
32 400
32 400
32 400
32 400
32 400
32 400
32 400
32 400
32 400
32 400
32 400
32 400
32 400
32 400
32 400
32 400
32 400
32 400
32 400
32 400
32 400
32 400
32 400
32 400
32 400
32 400
32 400
32 400
32 400
32 400
32 400
32 400
32 400
32 400
32 400
32 400
32 400
32 400
32 400
32 400
32 400
32 400
32 400
32 400
32 400
32 400
32 400
32 400
32 400
32 400
32 400
32 400
32 400
32 400
32 400
32 400
32 400
32 400
32 400
32 400
32 400
32 400
32 400
32 400
32 400
32 400
32 400
32 400
32 400
32 400
32 400
32 184
32 200
16 200
16 200
16 200
16 200
16 200
216 16
200 16
200 16
200 16
200 16
200 216
16 200
16 200
16 200
16 200
16 200
16 200
16 400
32 400
32 400
32 400
32 400
32 400
32 400
32 400
32 400
32 400
32 400
32 400
32 400
32 400
32 400
32 400
32 400
32 400
32 400
32 400
32 400
32 400
32 400
32 400
32 400
32 400
32 400
32 400
32 400
32 400
32 400
32 400
32 400
32 400
32 400
32 400
32 400
32 400
32 400
32 400
32 400
32 400
32 400
32 400
32 400
32 400
32 400
32 400
32 400
32 400
32 400
32 400
32 400
32 400
32 400
32 400
32 400
32 400
32 400
32 400
32 400
32 400
32 400
32 400
32 400
32 400
32 400
32 400
32 400
32 400
32 400
32 400
32 400
32 400
32 400
32 400
32 400
32 400
32 400
32 400
32 400
32 400
32 400
32 400
32 400
32 400
32 400
32 400
32 400
32 400
32 400
32 400
32 400
32 400
32 400
32 400
32 400
32 400
32 400
32 400
32 400
32 400
32 400
32 400
32 400
32 400
32 400
32 400
32 400
32 400
32 400
32 400
32 400
32 400
32 400
32 400
32 400
32 400
32 400
32 400
32 400
32 400
32 400
32 400
32 400
32 400
32 400
32 400
32 400
32 400
32 400
32 400
32 400
32 400
32 400
32 400
32 400
32 400
