16 400.22836967600375
32 399.5601574477729
32 183.83292995762292
32 200
16 200
16 200
16 200.122284366495
16 200.15448847169802
16 200
215.79830873046043 15.876605760239137
199.88769639667277 15.874577447296515
200 16
200.11684460896964 16
200.15438899996778 16
200.14376192457448 216.12654780600317
16 400
32 399.53698372005425
32 400
32 200
16 200.13335805719487
16 200.14441103233816
16 200
16 199.72286398601338
16.132966261929035 199.62891319157936
216 16
200.1108817620661 16
200.14220898526563 16
200.15448116483378 16
200.14498812905617 16
200.1251211668953 431.56832029034746
16 399.7913605660305
32 400.1856542951478
32 184.12175900777507
32 200.14441103233744
16 200
16 199.82513459580915
16 199.7082417443706
16 199.88341328428825
16 200
216.1319187498641 16
200.14340747339708 16
200.14498812905617 16
200.11558770597196 16
200 16
199.8237596154022 431.7414739088789
16 400.1551868362448
32 400.2571704414097
32 184
32 199.80244946271722
16 199.6807140259514
16 199.8943322640491
16 200
16 200
16 200
216.1556950024652 16
200.12512116689746 16
200 16
199.82152344740894 15.831278551378027
200 15.879621287959433
200.1015237256872 432.15365741963507
16 400.2571704414097
32 400
32 183.6498817459208
32 199.86680454705336
16 200
16 200
16 200.1001073371475
16 200.13335805719558
16 200.1351739594087
216 16
199.81885140097333 15.834603115680101
200 15.89836077761575
200 16
200.11244753851793 16
200.123832833343 432.2689430438114
16 400
32 399.5784612843238
32 184
32 200
16 200
16 200.13335805719558
16 200.14495504477802
16 200
16 199.79456654950295
215.8086404059294 16
200 16
200.11684460897 16
200.14498817233851 16
200.1354950767028 16
200.14444411661557 432
16 399.59633513398984
32 400
32 184
32 200.13335805719558
16 200.1444110323389
16 200
16 199.7378205765378
16 199.69874572571297
16 199.89482665485002
216.12739965256637 16
200.14498817233562 16
200.14498811380992 16
200.14498811552275 16
200 16
200 431.5028090393622
16 400
32 400.2100231751351
32 184.13281198291548
32 200
16 199.7956026275873
16 199.66148087009265
16.104619099366072 199.8680749112326
16 200
16 200
216.13604476966455 16
200.13546316033057 16
200 16
200 16
199.88026632652222 15.767432954737812
200 216
16 400.17069778222174
32 400.2477016816923
32 399.8245355238713
32 199.65446755847452
16 200
16 200
16 200
16 200.12126267614596
16 200.13399390177034
216.11737299878408 16
200 16
199.84032667304322 15.798515090737723
200 16
200.1015237256843 16
200.1408123490645 432.220269948365
16 400.1866019094974
32 399.57036718376713
32 183.8762443783011
32 200
16 200
16 200.10950821175604
16 200.1232560143494
16 200.12509243536493
16 200
215.8126827862072 15.868237759920502
200 16
200 16
200.11763788940044 16
200.15446484773938 16
200.13426887355203 216.13608126692068
16 400
32 399.60880684944124
32 400
32 200.10950821175604
16 200.1232560143494
16 200.144411032336
16 200
16 199.81176550495402
16 199.7097185937949
216 16
200.1034537954587 16
200.14498817233562 16
200.15448116483378 16
200.13491914789142 16
200 431.5305758506172
16 399.8556798274047
32 400.159978486696
32 184.1116569649289
32 200.1346299469724
16 200
16 199.7434199954566
16 199.73072944510892
16 200
16 200
216.1444520639332 16
200.14498811380992 16
200.15451308424977 16
200 16
199.89759890362507 16
199.80135985898576 215.78877959960468
16 400
32 400.23191250963015
32 400.1569966620132
32 199.75562744460376
16 199.66836225685324
16 199.89482665485002
16 200
16 200
16 200.12126267614596
216.13665840366244 16
200.1048902921024 16
200 16
199.79292913560886 15.846645966918043
200 16
200 432.16766563956156
16 400.25717044140396
32 399.79644519193437
32 183.66911497653376
32 200
16 200
16 200
16 200.10950821175604
16 200.1339939017761
16 200.12560339540002
216 16
199.84417830158563 15.803520979680187
200 15.892763656178307
200.11128155309575 16
200.13574702850647 16
200.12416301466632 216.13388341590846
16 400.206530724339
32 399.5567729658855
32 400
32 200
16 200.10950821175604
16 200.12386502008846
16 200.14495501077883
16 200
16 199.702430270942
216 15.894143205204482
200 16
200.1316426694166 16
200.123832833343 16
200.1247571892819 16
200.134919147903 431.8382001957875
16 399.6166604943243
32 400.1274660992504
32 184
32 200.13335805718978
16 200.15448847169418
16 200
16 199.70299972045254
16 199.7232795289483
16 200
216.11927410882836 16 - vsync start
200.123832833343 16 - 5 pulses (normal)
200.14498816907198 16
200.14498812905182 16
200 16
200 215.5952175928602 - vsync end
16 199.82417599893535 - 8x half scanline
16 200
16 200
16 200
16 200.13335805718978
16 200.13488607713805
16 200
16 199.7347886901977
16 415.7253487091629 - 1 special full scanline (!)
16 400.1501394869586 - 1 short full scanline
32 400.24574494496756 - normal full scanlines
32 400
32 399.56204590040903
32 400
32 400.2319125096244
32 400.1670741013714
32 399.50355941692186
32 400
32 400.21671673435407
32 400.239767801346
32 399.555180899181
32 399.84628264173296
32 400.1799072615001
32 400.2682441321058
32 399.8062633726691
32 399.6379142043323
32 400.1334797992093
32 400.24574494496756
32 400
32 399.51601122436125
32 400
32 400.2100231751294
32 400.1922316528185
32 399.51659299786814
32 400
32 400.1893664305929
32 400.2692009341689
32 399.6828894457225
32 399.7913605660334
32 400.16181061066635
32 400.23621148405215
32 400
32 399.6166604943243
32 400.1094006904064
32 400.244092523418
32 400
32 399.53698378747686
32 400
32 400.21932620261276
32 400.2276927836735
32 399.54393711554155
32 399.86807494030944
32 400.1893664305929
32 400.2682441321058
32 399.6982971421069
32 399.7474633839249
32 400.14150867725283
32 400.2477016816981
32 400
32 399.5848684511287
32 400
32 400.23469164881527
32 400.1296463567128
32 399.5196540912984
32 400
32 400.21671673435407
32 400.24954851310326
32 399.5783609296665
32 399.8814203781408
32 400.17493499961773
32 400.2682441321058
32 399.8062633726691
32 399.69710431340786
32 400.1334797992093
32 400.24574494496756
32 400
32 399.53535736520774
32 400
32 400.2319125096244
32 400.1700099370955
32 399.5145613781787
32 400
32 400.1845731985023
32 400.2694485586171
32 399.6098046651643
32 399.7913605660334
32 400.1706977822102
32 400.25717044140396
32 399.8866120569997
32 399.6263454041795
32 400.116109702965
32 400.22458960597487
32 400
32 399.52745439843255
32 400
32 400.21932620261276
32 400.2172756531252
32 399.537799505264
32 400
32 400.18936643058134
32 400.2692009341458
32 399.70871426029504
32 399.69889962513986
32 400.1415086772644
32 400.25717044140396
32 400
32 399.5848684511287
32 400.10940069038327
32 400.23469164881527
32 400.1252923642973
32 399.4693194830588
32.120293659521074 400
32 400.21671673433093
32 400.22935067018426
32 399.54797746081255
32 399.8782663591673
32 400.17666056851533
32 400.2587510949929
32 399.78651652211016
32 399.68176594034065
32 400.1334797992324
32 400.24574494496756
32 400
32 399.53698372003976
32 400
32 400.2319125096244
32 400.16652434546756
32 399.5288990069053
32 400
32 400.2032543916519
32 400.239767801346
32 399.6208783427537
