testing writing $0002 to $66001E

end of the last normal frame:

32 400
32 400
32 400
32 400
32 400
32 400
32 400
32 400
32 400
32 400
32 400
32 400
32 400
32 400
32 400
32 400
32 400
32 400
32 400
32 400
32 400
32 400
32 400
32 400
32 400
32 400
32 400
32 400
32 400
32 400
32 400
32 400
32 400
32 400
32 400
32 400
32 400
32 400
32 400
32 400
32 400
32 400
32 400
32 400
32 400
32 400
32 400
32 400
32 400
32 400
32 400
32 400
32 400
32 400
32 400
32 400
32 400
32 400
32 400
32 400
32 400
32 400
32 400
32 400
32 400
32 400
32 400
32 400
32 400
32 400
32 400
32 400
32 400
32 400
32 400
32 400
32 400
32 400
32 400
32 400
32 400
32 400
32 184 - sp half
32 200 - long half
16 200 - vsync A
16 200
16 200
16 200
16 200
216 16
200 16
200 16
200 16
200 16
200 216
16 200 - vblank 6
16 200
16 200
16 200
16 200
16 200

now things get weird:

each cycle is 7128 pixels (16.5 scanlines) long
and contains no vsync pulse

16 400 - short full
32 400 - 13 full scanlines
32 400
32 400
32 400
32 400
32 400
32 400
32 400
32 400
32 400
32 400
32 400
32 400
32 200 - long half (!) like start of vblank
16 200 - 4 half scanlines
16 200
16 200
16 200

16 400 - short full
32 400 - 13 full   etc.
32 400
32 400
32 400
32 400
32 400
32 400
32 400
32 400
32 400
32 400
32 400
32 400
32 200
16 200
16 200
16 200
16 200
16 400
32 400
32 400
32 400
32 400
32 400
32 400
32 400
32 400
32 400
32 400
32 400
32 400
32 400
32 200
16 200
16 200
16 200
16 200
16 400
32 400
32 400
32 400
32 400
32 400
32 400
32 400
32 400
32 400
32 400
32 400
32 400
32 400
32 200
16 200
16 200
16 200
16 200
16 400
32 400
32 400
32 400
32 400
32 400
32 400
32 400
32 400
32 400
32 400
32 400
32 400
32 400
32 200
16 200
16 200
16 200
16 200
16 400
32 400
32 400
32 400
32 400
32 400
32 400
32 400
32 400
32 400
32 400
32 400
32 400
32 400
32 200
16 200
16 200
16 200
16 200
16 400
32 400
32 400
32 400
32 400
32 400
32 400
32 400
32 400
32 400
32 400
32 400
32 400
32 400
32 200
16 200
16 200
16 200
16 200
16 400
32 400
32 400
32 400
32 400
32 400
32 400
32 400
32 400
32 400
32 400
32 400
32 400
32 400
32 200
16 200
16 200
16 200
16 200
16 400
32 400
32 400
32 400
32 400
32 400
32 400
32 400
32 400
32 400
32 400
32 400
32 400
32 400
32 200
16 200
16 200
16 200
16 200
16 400
32 400
32 400
32 400
32 400
32 400
32 400
32 400
32 400
32 400
32 400
32 400
32 400
32 400
32 200
16 200
16 200
16 200
16 200
16 400
32 400
32 400
32 400
32 400
32 400
32 400
32 400
32 400
32 400
32 400
32 400
32 400
32 400
32 200
16 200
16 200
16 200
16 200
16 400
32 400
32 400
32 400
32 400
32 400
32 400
32 400
32 400
32 400
32 400
32 400
32 400
32 400
32 200
16 200
16 200
16 200
16 200
16 400
32 400
32 400
32 400
32 400
32 400
32 400
32 400
32 400
32 400
32 400
32 400
32 400
32 400
32 200
16 200
16 200
16 200
16 200
16 400
32 400
32 400
32 400
32 400
32 400
32 400
32 400
32 400
32 400
32 400
32 400
32 400
32 400
32 200
16 200
16 200
16 200
16 200
16 400
32 400
32 400
32 400
32 400
32 400
32 400
32 400
32 400
32 400
32 400
32 400
32 400
32 400
32 200
16 200
16 200
16 200
16 200
16 400
32 400
32 400
32 400
32 400
32 400
32 400
32 400
32 400
32 400
32 400
32 400
32 400
32 400
32 200
16 200
16 200
16 200
16 200
16 400
32 400
32 400
32 400
32 400
32 400
32 400
32 400
32 400
32 400
32 400
32 400
32 400
32 400
32 200
16 200
16 200
16 200
16 200
16 400
32 400
32 400
32 400
32 400
32 400
32 400
32 400
32 400
32 400
32 400
32 400
32 400
32 400
32 200
16 200
16 200
16 200
16 200
16 400
32 400
32 400
32 400
32 400
32 400
32 400
32 400
32 400
32 400
32 400
32 400
32 400
32 400
32 200
16 200
16 200
16 200
16 200
16 400
32 400
32 400
32 400
32 400
32 400
32 400
32 400
32 400
32 400
32 400
32 400
32 400
32 400
32 200
16 200
16 200
16 200
16 200
16 400
32 400
32 400
32 400
32 400
32 400
32 400
32 400
32 400
32 400
32 400
32 400
32 400
32 400
32 200
16 200
16 200
16 200
16 200
16 400
32 400
32 400
32 400
32 400
32 400
32 400
32 400
32 400
32 400
32 400
32 400
32 400
32 400
32 200
16 200
16 200
16 200
16 200
16 400
32 400
32 400
32 400
32 400
32 400
32 400
32 400
32 400
32 400
32 400
32 400
32 400
32 400
32 200
16 200
16 200
16 200
16 200
16 400
32 400
32 400
32 400
32 400
32 400
32 400
32 400
32 400
32 400
32 400
32 400
32 400
32 400
32 200
16 200
16 200
16 200
16 200
16 400
32 400
32 400
32 400
32 400
32 400
32 400
32 400
32 400
32 400
32 400
32 400
32 400
32 400
32 200
16 200
16 200
16 200
16 200
16 400
32 400
32 400
32 400
32 400
32 400
32 400
32 400
32 400
32 400
32 400
32 400
32 400
32 400
32 200
16 200
16 200
16 200
16 200
16 400
32 400
32 400
32 400
32 400
32 400
32 400
32 400
32 400
32 400
32 400
32 400
32 400
32 400
32 200
16 200
16 200
16 200
16 200
16 400
32 400
32 400
32 400
32 400
32 400
32 400
32 400
32 400
32 400
32 400
32 400
32 400
32 400
32 200
16 200
16 200
16 200
16 200
16 400
32 400
32 400
32 400
32 400
32 400
32 400
32 400
32 400
32 400
32 400
32 400
32 400
32 400
32 200
16 200
16 200
16 200
16 200
16 400
32 400
32 400
32 400
32 400
32 400
32 400
32 400
32 400
32 400
32 400
32 400
32 400
32 400
32 200
16 200
16 200
16 200
16 200
16 400
32 400
32 400
32 400
32 400
32 400
32 400
32 400
32 400
32 400
32 400
32 400
32 400
32 400
32 200
16 200
16 200
16 200
16 200
16 400
32 400
32 400
32 400
32 400
32 400
32 400
32 400
32 400
32 400
32 400
32 400
32 400
32 400
32 200
16 200
16 200
16 200
16 200
16 400
32 400
32 400
32 400
32 400
32 400
32 400
32 400
32 400
32 400
32 400
32 400
32 400
32 400
32 200
16 200
16 200
16 200
16 200
16 400
32 400
32 400
32 400
32 400
32 400
32 400
32 400
32 400
32 400
32 400
32 400
32 400
32 400
32 200
16 200
16 200
16 200
16 200
16 400
32 400
32 400
32 400
32 400
32 400
32 400
32 400
32 400
32 400
32 400
32 400
32 400
32 400
32 200
16 200
16 200
16 200
16 200
16 400
32 400
32 400
32 400
32 400
32 400
32 400
32 400
32 400
32 400
32 400
32 400
32 400
32 400
32 200
16 200
16 200
16 200
16 200
16 400
32 400
32 400
32 400
32 400
32 400
32 400
32 400
32 400
32 400
32 400
32 400
32 400
32 400
32 200
16 200
16 200
16 200
16 200
16 400
32 400
32 400
32 400
32 400
32 400
32 400
32 400
32 400
32 400
32 400
32 400
32 400
32 400
32 200
16 200
16 200
16 200
16 200
16 400
32 400
32 400
32 400
32 400
32 400
32 400
32 400
32 400
32 400
32 400
32 400
32 400
32 400
32 200
16 200
16 200
16 200
16 200
16 400
32 400
32 400
32 400
32 400
32 400
32 400
32 400
32 400
32 400
32 400
32 400
32 400
32 400
32 200
16 200
16 200
16 200
16 200
16 400
32 400
32 400
32 400
32 400
32 400
32 400
32 400
32 400
32 400
32 400
32 400
32 400
32 400
32 200
16 200
16 200
16 200
16 200
16 400
32 400
32 400
